57c57
< 2,5,5,7,0.007500
---
> 2,5,5,7,0.006749
60,63c60,63
< 2,5,6,7,0.007660
< 2,5,7,5,0.007800
< 2,5,7,6,0.007810
< 2,5,7,7,0.007820
---
> 2,5,6,7,0.006893
> 2,5,7,5,0.007004
> 2,5,7,6,0.007013
> 2,5,7,7,0.006239
66c66
< 2,6,5,7,0.010060
---
> 2,6,5,7,0.009053
69,81c69,81
< 2,6,6,7,0.010220
< 2,6,7,5,0.010360
< 2,6,7,6,0.010370
< 2,6,7,7,0.010380
< 2,7,5,5,0.012600
< 2,7,5,6,0.012610
< 2,7,5,7,0.012620
< 2,7,6,5,0.012760
< 2,7,6,6,0.012770
< 2,7,6,7,0.012780
< 2,7,7,5,0.012920
< 2,7,7,6,0.012930
< 2,7,7,7,0.012940
---
> 2,6,6,7,0.009197
> 2,6,7,5,0.009308
> 2,6,7,6,0.009317
> 2,6,7,7,0.008287
> 2,7,5,5,0.011084
> 2,7,5,6,0.011093
> 2,7,5,7,0.009839
> 2,7,6,5,0.011228
> 2,7,6,6,0.011237
> 2,7,6,7,0.009967
> 2,7,7,5,0.010064
> 2,7,7,6,0.010072
> 2,7,7,7,0.008785
83,270c83,270
< 3,5,5,6,0.007590
< 3,5,5,7,0.007600
< 3,5,6,5,0.007740
< 3,5,6,6,0.007750
< 3,5,6,7,0.007760
< 3,5,7,5,0.007800
< 3,5,7,6,0.007810
< 3,5,7,7,0.007820
< 3,6,5,5,0.010040
< 3,6,5,6,0.010050
< 3,6,5,7,0.010060
< 3,6,6,5,0.010200
< 3,6,6,6,0.010210
< 3,6,6,7,0.010220
< 3,6,7,5,0.010360
< 3,6,7,6,0.010370
< 3,6,7,7,0.010380
< 3,7,5,5,0.012600
< 3,7,5,6,0.012610
< 3,7,5,7,0.012620
< 3,7,6,5,0.012760
< 3,7,6,6,0.012770
< 3,7,6,7,0.012780
< 3,7,7,5,0.012920
< 3,7,7,6,0.012930
< 3,7,7,7,0.012940
< 4,5,5,5,0.007810
< 4,5,5,6,0.007820
< 4,5,5,7,0.007830
< 4,5,6,5,0.007930
< 4,5,6,6,0.007940
< 4,5,6,7,0.007950
< 4,5,7,5,0.007850
< 4,5,7,6,0.007860
< 4,5,7,7,0.007870
< 4,6,5,5,0.010050
< 4,6,5,6,0.010060
< 4,6,5,7,0.010070
< 4,6,6,5,0.010210
< 4,6,6,6,0.010220
< 4,6,6,7,0.010230
< 4,6,7,5,0.010360
< 4,6,7,6,0.010370
< 4,6,7,7,0.010380
< 4,7,5,5,0.012600
< 4,7,5,6,0.012610
< 4,7,5,7,0.012620
< 4,7,6,5,0.012760
< 4,7,6,6,0.012770
< 4,7,6,7,0.012780
< 4,7,7,5,0.012920
< 4,7,7,6,0.012930
< 4,7,7,7,0.012940
< 5,5,5,5,0.008156
< 5,5,5,6,0.008166
< 5,5,5,7,0.008176
< 5,5,6,5,0.008196
< 5,5,6,6,0.008206
< 5,5,6,7,0.008206
< 5,5,7,5,0.007971
< 5,5,7,6,0.007981
< 5,5,7,7,0.007991
< 5,6,5,5,0.010081
< 5,6,5,6,0.010091
< 5,6,5,7,0.010101
< 5,6,6,5,0.010236
< 5,6,6,6,0.010246
< 5,6,6,7,0.010256
< 5,6,7,5,0.010366
< 5,6,7,6,0.010376
< 5,6,7,7,0.010386
< 5,7,5,5,0.012601
< 5,7,5,6,0.012611
< 5,7,5,7,0.012621
< 5,7,6,5,0.012761
< 5,7,6,6,0.012771
< 5,7,6,7,0.012781
< 5,7,7,5,0.012920
< 5,7,7,6,0.012930
< 5,7,7,7,0.012940
< 6,5,5,5,0.008592
< 6,5,5,6,0.008602
< 6,5,5,7,0.008606
< 6,5,6,5,0.008527
< 6,5,6,6,0.008535
< 6,5,6,7,0.008521
< 6,5,7,5,0.008165
< 6,5,7,6,0.008175
< 6,5,7,7,0.008179
< 6,6,5,5,0.010140
< 6,6,5,6,0.010150
< 6,6,5,7,0.010160
< 6,6,6,5,0.010282
< 6,6,6,6,0.010292
< 6,6,6,7,0.010301
< 6,6,7,5,0.010384
< 6,6,7,6,0.010394
< 6,6,7,7,0.010404
< 6,7,5,5,0.012605
< 6,7,5,6,0.012615
< 6,7,5,7,0.012625
< 6,7,6,5,0.012764
< 6,7,6,6,0.012774
< 6,7,6,7,0.012784
< 6,7,7,5,0.012921
< 6,7,7,6,0.012931
< 6,7,7,7,0.012941
< 7,5,5,5,0.009091
< 7,5,5,6,0.009099
< 7,5,5,7,0.009093
< 7,5,6,5,0.008910
< 7,5,6,6,0.008915
< 7,5,6,7,0.008884
< 7,5,7,5,0.008424
< 7,5,7,6,0.008432
< 7,5,7,7,0.008425
< 7,6,5,5,0.010230
< 7,6,5,6,0.010240
< 7,6,5,7,0.010249
< 7,6,6,5,0.010351
< 7,6,6,6,0.010360
< 7,6,6,7,0.010366
< 7,6,7,5,0.010420
< 7,6,7,6,0.010430
< 7,6,7,7,0.010439
< 7,7,5,5,0.012614
< 7,7,5,6,0.012624
< 7,7,5,7,0.012634
< 7,7,6,5,0.012771
< 7,7,6,6,0.012781
< 7,7,6,7,0.012791
< 7,7,7,5,0.012923
< 7,7,7,6,0.012933
< 7,7,7,7,0.012943
< 8,5,5,5,0.009633
< 8,5,5,6,0.009638
< 8,5,5,7,0.009618
< 8,5,6,5,0.009337
< 8,5,6,6,0.009336
< 8,5,6,7,0.009289
< 8,5,7,5,0.008739
< 8,5,7,6,0.008744
< 8,5,7,7,0.008724
< 8,6,5,5,0.010351
< 8,6,5,6,0.010361
< 8,6,5,7,0.010368
< 8,6,6,5,0.010444
< 8,6,6,6,0.010452
< 8,6,6,7,0.010454
< 8,6,7,5,0.010476
< 8,6,7,6,0.010486
< 8,6,7,7,0.010492
< 8,7,5,5,0.012630
< 8,7,5,6,0.012640
< 8,7,5,7,0.012650
< 8,7,6,5,0.012784
< 8,7,6,6,0.012794
< 8,7,6,7,0.012803
< 8,7,7,5,0.012929
< 8,7,7,6,0.012939
< 8,7,7,7,0.012949
< 9,5,5,5,0.010201
< 9,5,5,6,0.010202
< 9,5,5,7,0.010166
< 9,5,6,5,0.009796
< 9,5,6,6,0.009789
< 9,5,6,7,0.009725
< 9,5,7,5,0.009099
< 9,5,7,6,0.009100
< 9,5,7,7,0.009065
< 9,6,5,5,0.010502
< 9,6,5,6,0.010511
< 9,6,5,7,0.010514
< 9,6,6,5,0.010561
< 9,6,6,6,0.010568
< 9,6,6,7,0.010566
< 9,6,7,5,0.010553
< 9,6,7,6,0.010562
< 9,6,7,7,0.010566
< 9,7,5,5,0.012655
< 9,7,5,6,0.012665
< 9,7,5,7,0.012674
< 9,7,6,5,0.012803
< 9,7,6,6,0.012812
< 9,7,6,7,0.012821
< 9,7,7,5,0.012940
< 9,7,7,6,0.012950
< 9,7,7,7,0.012959
---
> 3,5,5,6,0.007515
> 3,5,5,7,0.006999
> 3,5,6,5,0.007660
> 3,5,6,6,0.007594
> 3,5,6,7,0.007067
> 3,5,7,5,0.007163
> 3,5,7,6,0.007094
> 3,5,7,7,0.006715
> 3,6,5,5,0.009888
> 3,6,5,6,0.009798
> 3,6,5,7,0.009103
> 3,6,6,5,0.009942
> 3,6,6,6,0.009849
> 3,6,6,7,0.009143
> 3,6,7,5,0.009364
> 3,6,7,6,0.009269
> 3,6,7,7,0.008762
> 3,7,5,5,0.011387
> 3,7,5,6,0.011270
> 3,7,5,7,0.010699
> 3,7,6,5,0.011404
> 3,7,6,6,0.011285
> 3,7,6,7,0.010706
> 3,7,7,5,0.010948
> 3,7,7,6,0.010827
> 3,7,7,7,0.010502
> 4,5,5,5,0.007779
> 4,5,5,6,0.007677
> 4,5,5,7,0.007214
> 4,5,6,5,0.007780
> 4,5,6,6,0.007674
> 4,5,6,7,0.007226
> 4,5,7,5,0.007231
> 4,5,7,6,0.007147
> 4,5,7,7,0.006734
> 4,6,5,5,0.009787
> 4,6,5,6,0.009646
> 4,6,5,7,0.009107
> 4,6,6,5,0.009786
> 4,6,6,6,0.009643
> 4,6,6,7,0.009126
> 4,6,7,5,0.009361
> 4,6,7,6,0.009246
> 4,6,7,7,0.008742
> 4,7,5,5,0.010073
> 4,7,5,6,0.009937
> 4,7,5,7,0.009428
> 4,7,6,5,0.010057
> 4,7,6,6,0.009919
> 4,7,6,7,0.009443
> 4,7,7,5,0.009655
> 4,7,7,6,0.009554
> 4,7,7,7,0.009002
> 5,5,5,5,0.008082
> 5,5,5,6,0.007951
> 5,5,5,7,0.007517
> 5,5,6,5,0.007979
> 5,5,6,6,0.007849
> 5,5,6,7,0.007441
> 5,5,7,5,0.007369
> 5,5,7,6,0.007260
> 5,5,7,7,0.006911
> 5,6,5,5,0.009586
> 5,6,5,6,0.009423
> 5,6,5,7,0.008993
> 5,6,6,5,0.009556
> 5,6,6,6,0.009397
> 5,6,6,7,0.008982
> 5,6,7,5,0.009226
> 5,6,7,6,0.009087
> 5,6,7,7,0.008677
> 5,7,5,5,0.010526
> 5,7,5,6,0.010380
> 5,7,5,7,0.010141
> 5,7,6,5,0.010504
> 5,7,6,6,0.010364
> 5,7,6,7,0.010130
> 5,7,7,5,0.010384
> 5,7,7,6,0.010251
> 5,7,7,7,0.010040
> 6,5,5,5,0.008455
> 6,5,5,6,0.008299
> 6,5,5,7,0.007871
> 6,5,6,5,0.008235
> 6,5,6,6,0.008085
> 6,5,6,7,0.007689
> 6,5,7,5,0.007544
> 6,5,7,6,0.007419
> 6,5,7,7,0.007018
> 6,6,5,5,0.009499
> 6,6,5,6,0.009330
> 6,6,5,7,0.009002
> 6,6,6,5,0.009449
> 6,6,6,6,0.009285
> 6,6,6,7,0.008970
> 6,6,7,5,0.009206
> 6,6,7,6,0.009057
> 6,6,7,7,0.008653
> 6,7,5,5,0.009366
> 6,7,5,6,0.009238
> 6,7,5,7,0.008965
> 6,7,6,5,0.009337
> 6,7,6,6,0.009212
> 6,7,6,7,0.008950
> 6,7,7,5,0.009171
> 6,7,7,6,0.009057
> 6,7,7,7,0.008647
> 7,5,5,5,0.008885
> 7,5,5,6,0.008704
> 7,5,5,7,0.008273
> 7,5,6,5,0.008545
> 7,5,6,6,0.008376
> 7,5,6,7,0.007963
> 7,5,7,5,0.007766
> 7,5,7,6,0.007619
> 7,5,7,7,0.007226
> 7,6,5,5,0.009353
> 7,6,5,6,0.009188
> 7,6,5,7,0.008906
> 7,6,6,5,0.009283
> 7,6,6,6,0.009124
> 7,6,6,7,0.008836
> 7,6,7,5,0.009065
> 7,6,7,6,0.008909
> 7,6,7,7,0.008539
> 7,7,5,5,0.009952
> 7,7,5,6,0.009829
> 7,7,5,7,0.009736
> 7,7,6,5,0.009922
> 7,7,6,6,0.009804
> 7,7,6,7,0.009698
> 7,7,7,5,0.009948
> 7,7,7,6,0.009819
> 7,7,7,7,0.009667
> 8,5,5,5,0.009343
> 8,5,5,6,0.009140
> 8,5,5,7,0.008692
> 8,5,6,5,0.008884
> 8,5,6,6,0.008694
> 8,5,6,7,0.008261
> 8,5,7,5,0.008010
> 8,5,7,6,0.007845
> 8,5,7,7,0.007376
> 8,6,5,5,0.009341
> 8,6,5,6,0.009181
> 8,6,5,7,0.008950
> 8,6,6,5,0.009246
> 8,6,6,6,0.009089
> 8,6,6,7,0.008844
> 8,6,7,5,0.009061
> 8,6,7,6,0.008899
> 8,6,7,7,0.008513
> 8,7,5,5,0.008903
> 8,7,5,6,0.008800
> 8,7,5,7,0.008622
> 8,7,6,5,0.008863
> 8,7,6,6,0.008761
> 8,7,6,7,0.008571
> 8,7,7,5,0.008787
> 8,7,7,6,0.008679
> 8,7,7,7,0.008311
> 9,5,5,5,0.009825
> 9,5,5,6,0.009599
> 9,5,5,7,0.009136
> 9,5,6,5,0.009254
> 9,5,6,6,0.009042
> 9,5,6,7,0.008577
> 9,5,7,5,0.008289
> 9,5,7,6,0.008098
> 9,5,7,7,0.007623
> 9,6,5,5,0.009277
> 9,6,5,6,0.009123
> 9,6,5,7,0.008897
> 9,6,6,5,0.009151
> 9,6,6,6,0.008998
> 9,6,6,7,0.008741
> 9,6,7,5,0.008946
> 9,6,7,6,0.008780
> 9,6,7,7,0.008409
> 9,7,5,5,0.009581
> 9,7,5,6,0.009483
> 9,7,5,7,0.009448
> 9,7,6,5,0.009536
> 9,7,6,6,0.009438
> 9,7,6,7,0.009371
> 9,7,7,5,0.009612
> 9,7,7,6,0.009491
> 9,7,7,7,0.009363
272a273,280
> The
> Total
> Total
> Total
> Total
> Total
> Total
> Total
