[0] A[0,0,0][0] :[0] 0.09383[0] 
[0] A[0,0,0][0] :[0] 0.085031[0] 
[0] A[0,0,0][0] :[0] 0.0781119[0] 
[0] A[0,0,0][0] :[0] 0.0725967[0] 
[0] A[0,0,0][0] :[0] 0.0681435[0] 
[0] A[0,0,0][0] :[0] 0.0645039[0] 
[0] A[0,0,0][0] :[0] 0.0614956[0] 
[0] A[0,0,0][0] :[0] 0.0589835[0] 
[0] A[0,0,0][0] :[0] 0.0568659[0] 
[0] A[0,0,0][0] :[0] 0.0550659[0] 
[0] A[0,0,0][0] :[0] 0.0535244[0] 
[0] A[0,0,0][0] :[0] 0.0521953[0] 
[0] A[0,0,0][0] :[0] 0.0510428[0] 
[0] A[0,0,0][0] :[0] 0.0500382[0] 
[0] A[0,0,0][0] :[0] 0.0491588[0] 
[0] A[0,0,0][0] :[0] 0.0483861[0] 
[0] A[0,0,0][0] :[0] 0.0477049[0] 
[0] A[0,0,0][0] :[0] 0.0471028[0] 
[0] A[0,0,0][0] :[0] 0.0465695[0] 
[0] A[0,0,0][0] :[0] 0.0460964[0] 
[0] A[0,0,0][0] :[0] 0.0456762[0] 
[0] A[0,0,0][0] :[0] 0.0453027[0] 
[0] A[0,0,0][0] :[0] 0.0449705[0] 
[0] A[0,0,0][0] :[0] 0.044675[0] 
[0] A[0,0,0][0] :[0] 0.0444124[0] 
[0] A[0,0,0][0] :[0] 0.0441792[0] 
[0] A[0,0,0][0] :[0] 0.0439723[0] 
[0] A[0,0,0][0] :[0] 0.0437891[0] 
[0] A[0,0,0][0] :[0] 0.0436273[0] 
[0] A[0,0,0][0] :[0] 0.0434846[0] 
[0] A[0,0,0][0] :[0] 0.0433594[0] 
[0] A[0,0,0][0] :[0] 0.0432498[0] 
[0] A[0,0,0][0] :[0] 0.0431545[0] 
[0] A[0,0,0][0] :[0] 0.0430721[0] 
[0] A[0,0,0][0] :[0] 0.0430013[0] 
[0] A[0,0,0][0] :[0] 0.0429412[0] 
[0] A[0,0,0][0] :[0] 0.0428906[0] 
[0] A[0,0,0][0] :[0] 0.0428487[0] 
[0] A[0,0,0][0] :[0] 0.0428148[0] 
[0] A[0,0,0][0] :[0] 0.0427879[0] 
[0] A[0,0,0][0] :[0] 0.0427676[0] 
[0] A[0,0,0][0] :[0] 0.0427531[0] 
[0] A[0,0,0][0] :[0] 0.0427439[0] 
[0] A[0,0,0][0] :[0] 0.0427394[0] 
[0] A[0,0,0][0] :[0] 0.0427393[0] 
[0] A[0,0,0][0] :[0] 0.0427431[0] 
[0] A[0,0,0][0] :[0] 0.0427504[0] 
[0] A[0,0,0][0] :[0] 0.0427609[0] 
[0] A[0,0,0][0] :[0] 0.0427741[0] 
[0] A[0,0,0][0] :[0] 0.0427899[0] 
[0] A[0,0,0][0] :[0] 0.0428079[0] 
[0] A[0,0,0][0] :[0] 0.0428279[0] 
[0] A[0,0,0][0] :[0] 0.0428497[0] 
[0] A[0,0,0][0] :[0] 0.042873[0] 
[0] A[0,0,0][0] :[0] 0.0428977[0] 
[0] A[0,0,0][0] :[0] 0.0429236[0] 
[0] A[0,0,0][0] :[0] 0.0429505[0] 
[0] A[0,0,0][0] :[0] 0.0429782[0] 
[0] A[0,0,0][0] :[0] 0.0430068[0] 
[0] A[0,0,0][0] :[0] 0.0430359[0] 
[0] A[0,0,0][0] :[0] 0.0430656[0] 
[0] A[0,0,0][0] :[0] 0.0430957[0] 
[0] A[0,0,0][0] :[0] 0.0431261[0] 
[0] A[0,0,0][0] :[0] 0.0431568[0] 
[0] A[0,0,0][0] :[0] 0.0431876[0] 
[0] A[0,0,0][0] :[0] 0.0432185[0] 
[0] A[0,0,0][0] :[0] 0.0432495[0] 
[0] A[0,0,0][0] :[0] 0.0432804[0] 
[0] A[0,0,0][0] :[0] 0.0433113[0] 
[0] A[0,0,0][0] :[0] 0.0433421[0] 
[0] A[0,0,0][0] :[0] 0.0433727[0] 
[0] A[0,0,0][0] :[0] 0.0434031[0] 
[0] A[0,0,0][0] :[0] 0.0434333[0] 
[0] A[0,0,0][0] :[0] 0.0434632[0] 
[0] A[0,0,0][0] :[0] 0.0434928[0] 
[0] A[0,0,0][0] :[0] 0.0435222[0] 
[0] A[0,0,0][0] :[0] 0.0435512[0] 
[0] A[0,0,0][0] :[0] 0.0435799[0] 
[0] A[0,0,0][0] :[0] 0.0436083[0] 
[0] A[0,0,0][0] :[0] 0.0436363[0] 
[0] A[0,0,0][0] :[0] 0.0436639[0] 
[0] A[0,0,0][0] :[0] 0.0436911[0] 
[0] A[0,0,0][0] :[0] 0.043718[0] 
[0] A[0,0,0][0] :[0] 0.0437445[0] 
[0] A[0,0,0][0] :[0] 0.0437705[0] 
[0] A[0,0,0][0] :[0] 0.0437962[0] 
[0] A[0,0,0][0] :[0] 0.0438214[0] 
[0] A[0,0,0][0] :[0] 0.0438463[0] 
[0] A[0,0,0][0] :[0] 0.0438708[0] 
[0] A[0,0,0][0] :[0] 0.0438948[0] 
[0] A[0,0,0][0] :[0] 0.0439185[0] 
[0] A[0,0,0][0] :[0] 0.0439417[0] 
[0] A[0,0,0][0] :[0] 0.0439646[0] 
[0] A[0,0,0][0] :[0] 0.0439871[0] 
[0] A[0,0,0][0] :[0] 0.0440092[0] 
[0] A[0,0,0][0] :[0] 0.0440309[0] 
[0] A[0,0,0][0] :[0] 0.0440522[0] 
[0] A[0,0,0][0] :[0] 0.0440732[0] 
[0] A[0,0,0][0] :[0] 0.0440938[0] 
