1,80c1,88
< 0,7,7,7,0.0129400000
< 0,7,7,8,0.0129500000
< 0,7,8,7,0.0131000000
< 0,7,8,8,0.0131100000
< 0,8,7,7,0.0155000000
< 0,8,7,8,0.0155100000
< 0,8,8,7,0.0156600000
< 0,8,8,8,0.0156700000
< 1,7,7,7,0.0129400000
< 1,7,7,8,0.0129500000
< 1,7,8,7,0.0131000000
< 1,7,8,8,0.0131100000
< 1,8,7,7,0.0155000000
< 1,8,7,8,0.0155100000
< 1,8,8,7,0.0156600000
< 1,8,8,8,0.0156700000
< 2,7,7,7,0.0129400000
< 2,7,7,8,0.0129500000
< 2,7,8,7,0.0131000000
< 2,7,8,8,0.0131100000
< 2,8,7,7,0.0155000000
< 2,8,7,8,0.0155100000
< 2,8,8,7,0.0156600000
< 2,8,8,8,0.0156700000
< 3,7,7,7,0.0129400000
< 3,7,7,8,0.0129500000
< 3,7,8,7,0.0131000000
< 3,7,8,8,0.0131100000
< 3,8,7,7,0.0155000000
< 3,8,7,8,0.0155100000
< 3,8,8,7,0.0156600000
< 3,8,8,8,0.0156700000
< 4,7,7,7,0.0129400000
< 4,7,7,8,0.0129500000
< 4,7,8,7,0.0131000000
< 4,7,8,8,0.0131100000
< 4,8,7,7,0.0155000000
< 4,8,7,8,0.0155100000
< 4,8,8,7,0.0156600000
< 4,8,8,8,0.0156700000
< 5,7,7,7,0.0129400000
< 5,7,7,8,0.0129500000
< 5,7,8,7,0.0131000000
< 5,7,8,8,0.0131100000
< 5,8,7,7,0.0155000000
< 5,8,7,8,0.0155100000
< 5,8,8,7,0.0156600000
< 5,8,8,8,0.0156700000
< 6,7,7,7,0.0129407000
< 6,7,7,8,0.0129507000
< 6,7,8,7,0.0131001000
< 6,7,8,8,0.0131101000
< 6,8,7,7,0.0155000000
< 6,8,7,8,0.0155100000
< 6,8,8,7,0.0156600000
< 6,8,8,8,0.0156700000
< 7,7,7,7,0.0129433000
< 7,7,7,8,0.0129528800
< 7,7,8,7,0.0131007800
< 7,7,8,8,0.0131107800
< 7,8,7,7,0.0155000800
< 7,8,7,8,0.0155100800
< 7,8,8,7,0.0156600100
< 7,8,8,8,0.0156700100
< 8,7,7,7,0.0129490330
< 8,7,7,8,0.0129576890
< 8,7,8,7,0.0131029290
< 8,7,8,8,0.0131127610
< 8,8,7,7,0.0155004290
< 8,8,7,8,0.0155103730
< 8,8,8,7,0.0156600930
< 8,8,8,8,0.0156700930
< 9,7,7,7,0.0129591502
< 9,7,7,8,0.0129663782
< 9,7,8,7,0.0131076338
< 9,7,8,8,0.0131170290
< 9,8,7,7,0.0155013124
< 9,8,7,8,0.0155111108
< 9,8,8,7,0.0156603980
< 9,8,8,8,0.0156703728
---
> 0,0,7,7,0.0950200000
> 0,0,7,8,0.0950300000
> 0,0,8,7,0.0951800000
> 0,0,8,8,0.0951900000
> 0,1,7,7,0.0975800000
> 0,1,7,8,0.0975900000
> 0,1,8,7,0.0977400000
> 0,1,8,8,0.0977500000
> 1,0,7,7,0.0857740000
> 1,0,7,8,0.0857830000
> 1,0,8,7,0.0859180000
> 1,0,8,8,0.0859270000
> 1,1,7,7,0.0875660000
> 1,1,7,8,0.0875750000
> 1,1,8,7,0.0877100000
> 1,1,8,8,0.0877190000
> 2,0,7,7,0.0861324000
> 2,0,7,8,0.0861414000
> 2,0,8,7,0.0862764000
> 2,0,8,8,0.0862854000
> 2,1,7,7,0.0872076000
> 2,1,7,8,0.0872166000
> 2,1,8,7,0.0873516000
> 2,1,8,8,0.0873606000
> 3,0,7,7,0.0863474400
> 3,0,7,8,0.0863564400
> 3,0,8,7,0.0864914400
> 3,0,8,8,0.0865004400
> 3,1,7,7,0.0869925600
> 3,1,7,8,0.0870015600
> 3,1,8,7,0.0871365600
> 3,1,8,8,0.0871455600
> 4,0,7,7,0.0864764640
> 4,0,7,8,0.0864854640
> 4,0,8,7,0.0866204640
> 4,0,8,8,0.0866294640
> 4,1,7,7,0.0868635360
> 4,1,7,8,0.0868725360
> 4,1,8,7,0.0870075360
> 4,1,8,8,0.0870165360
> 5,0,7,7,0.0865538784
> 5,0,7,8,0.0865628784
> 5,0,8,7,0.0866978784
> 5,0,8,8,0.0867068784
> 5,1,7,7,0.0867861216
> 5,1,7,8,0.0867951216
> 5,1,8,7,0.0869301216
> 5,1,8,8,0.0869391216
> 6,0,7,7,0.0866003270
> 6,0,7,8,0.0866093270
> 6,0,8,7,0.0867443270
> 6,0,8,8,0.0867533270
> 6,1,7,7,0.0867396730
> 6,1,7,8,0.0867486730
> 6,1,8,7,0.0868836730
> 6,1,8,8,0.0868926730
> 7,0,7,7,0.0866281962
> 7,0,7,8,0.0866371962
> 7,0,8,7,0.0867721962
> 7,0,8,8,0.0867811962
> 7,1,7,7,0.0867118038
> 7,1,7,8,0.0867208038
> 7,1,8,7,0.0868558038
> 7,1,8,8,0.0868648038
> 8,0,7,7,0.0866449187
> 8,0,7,8,0.0866539187
> 8,0,8,7,0.0867889187
> 8,0,8,8,0.0867979187
> 8,1,7,7,0.0866950832
> 8,1,7,8,0.0867040832
> 8,1,8,7,0.0868390832
> 8,1,8,8,0.0868480832
> 9,0,7,7,0.0866549571
> 9,0,7,8,0.0866639571
> 9,0,8,7,0.0867989571
> 9,0,8,8,0.0868079571
> 9,1,7,7,0.0866850556
> 9,1,7,8,0.0866940556
> 9,1,8,7,0.0868290556
> 9,1,8,8,0.0868380556
> nx=2,
> nx=2,
> nx=2,
> nx=2,
> nx=2,
> nx=2,
> nx=2,
> nx=2,
82a91,99
> The
> Total
> Total
> Total
> Total
> Total
> Total
> Total
> Total
